Abendmesse	Maria Königin	02.01.2016	17:00	-1	1	
1
0	6	28	27	3
0	4
0	0	1	2	3	4	5	6	7	8	9	10	11	12	13	14	15	16	17	18	19	20	21	22	23	24	25	26	27	28
0	0	1	2	4	5	7	8	9	10	12	13	14	15	16	17	18	19	23	24	25	26
Hochamt	St. Peter	03.01.2016	09:00	0	-1	
1
0	20	11	22	21
0	4
0	0	1	2	3	4	5	6	7	8	9	10	11	12	13	14	15	16	17	18	19	20	21	22	23	24	25	26	27	28
0	0	1	2	4	5	7	8	9	10	12	13	14	15	16	17	18	19	23	24	25	26
Heilige Drei Könige	Maria Königin	06.01.2016	09:00	-1	-1	
2
0	2	19	15	6	16	7
1	12
0	6
1	1
0	0	1	2	3	4	5	6	7	8	9	10	11	12	13	14	15	16	17	18	19	20	21	22	23	24	25	26	27	28
1	2	12	19	26	27
0	0	1	3	4	5	8	9	10	11	13	14	17	18	20	21	22	23	24	25	26	27	28
1	26	27
Abendmesse	Maria Königin	09.01.2016	17:00	-1	4	
1
0	0	9	14	8
0	4
0	0	1	2	3	4	5	6	7	8	9	10	11	12	13	14	15	16	17	18	19	20	21	22	23	24	25	26	27	28
0	2	3	4	5	6	7	11	12	13	15	16	17	18	19	20	21	22	23	24	27	28
Hochamt	St. Peter	10.01.2016	09:00	3	-1	
1
0	1	10	26	25
0	4
0	0	1	2	3	4	5	6	7	8	9	10	11	12	13	14	15	16	17	18	19	20	21	22	23	24	25	26	27	28
0	2	3	4	5	6	7	11	12	13	15	16	17	18	19	20	21	22	23	24	27	28
Abendmesse	St. Peter	16.01.2016	17:00	-1	6	
1
0	18	4	12	13
0	4
0	0	1	2	3	4	5	6	7	8	9	10	11	12	13	14	15	16	17	18	19	20	21	22	23	24	25	27	28
0	0	1	2	3	6	7	8	9	10	11	14	15	16	19	20	21	22	25	27	28
Hochamt	St. Peter	17.01.2016	09:00	5	-1	
1
0	5	23	24	17
0	4
0	0	1	2	3	4	5	6	7	8	9	10	11	12	13	14	15	16	17	18	19	20	21	22	23	24	25	26	27	28
0	0	1	2	3	6	7	8	9	10	11	14	15	16	19	20	21	22	25	26	27	28
Abendmesse	Maria Königin	23.01.2016	17:00	-1	8	
1
0	22	3	21	2
0	4
0	0	1	2	3	4	5	6	7	8	9	10	11	12	13	14	15	16	17	18	19	20	21	22	23	24	25	26	27	28
0	1	4	5	6	7	8	9	10	11	12	13	15	16	17	18	23	24	25	26	27	28
Hochamt	St. Peter	24.01.2016	09:00	7	-1	
1
0	19	14	20	0
0	4
0	0	1	2	3	4	5	6	7	8	9	10	11	12	13	14	15	16	17	18	19	20	21	22	23	24	25	26	27	28
0	1	4	5	6	7	8	9	10	11	12	13	15	16	17	18	23	24	25	26	27	28
Abendmesse	St. Peter	30.01.2016	17:00	-1	10	
1
0	28	7	6	10
0	4
0	0	1	2	3	4	5	6	7	8	9	10	11	12	13	14	15	16	17	18	19	20	21	22	23	24	25	27	28
0	0	1	2	3	5	9	11	12	13	14	16	17	18	19	20	21	22	23	24	25	27
Hochamt	St. Peter	31.01.2016	09:00	9	-1	
1
0	15	8	26	4
0	4
0	0	1	2	3	4	5	6	7	8	9	10	11	12	13	14	15	16	17	18	19	20	21	22	23	24	25	26	27	28
0	0	1	2	3	5	9	11	12	13	14	16	17	18	19	20	21	22	23	24	25	27
Abendmesse	Maria Königin	06.02.2016	17:00	-1	12	
1
0	13	24	9	1
0	4
0	0	1	2	3	4	5	6	7	8	9	10	11	12	13	14	15	16	17	18	19	20	21	22	23	24	25	26	27	28
0	0	2	3	4	5	6	7	8	10	12	14	15	16	19	20	21	22	23	25	26	28
Hochamt	St. Peter	07.02.2016	09:00	11	-1	
1
0	18	17	27	11
0	4
0	0	1	2	3	4	5	6	7	8	9	10	11	12	13	14	15	16	17	18	19	20	21	22	23	24	25	26	27	28
0	0	2	3	4	5	6	7	8	10	12	14	15	16	19	20	21	22	23	25	26	28
Aschermittwoch	St. Josef	10.02.2016	16:30	-1	-1	
1
0	16	25
0	2
0	0	1	2	3	4	5	6	7	8	9	10	11	12	13	14	15	16	17	18	19	20	21	22	23	24	25	26	27	28
0	0	1	2	3	4	5	6	7	8	9	10	11	12	13	14	15	17	18	19	20	21	22	23	24	26	27	28
Abendmesse	St. Peter	13.02.2016	17:00	-1	15	
1
0	0	3	23	5
0	4
0	0	1	2	3	4	5	6	7	8	9	10	11	12	13	14	15	16	17	18	19	20	21	22	23	24	25	27	28
0	1	2	4	6	7	8	11	12	13	14	15	16	17	18	20	21	22	24	25	27
Hochamt	St. Peter	14.02.2016	09:00	14	-1	
1
0	19	9	28	10
0	4
0	0	1	2	3	4	5	6	7	8	9	10	11	12	13	14	15	16	17	18	19	20	21	22	23	24	25	26	27	28
0	1	2	4	6	7	8	11	12	13	14	15	16	17	18	20	21	22	24	25	26	27
Abendmesse	Maria Königin	20.02.2016	17:00	-1	17	
1
0	22	21	6	7
0	4
0	0	1	2	3	4	5	6	7	8	9	10	11	12	13	14	15	16	17	18	19	20	21	22	23	24	25	26	27	28
0	0	1	3	4	5	8	9	10	11	12	13	16	17	18	19	23	24	25	26	27	28
Hochamt	St. Peter	21.02.2016	09:00	16	-1	
1
0	20	15	2	14
0	4
0	0	1	2	3	4	5	6	7	8	9	10	11	12	13	14	15	16	17	18	19	20	21	22	23	24	25	26	27	28
0	0	1	3	4	5	8	9	10	11	12	13	16	17	18	19	23	24	25	26	27	28
Abendmesse	St. Peter	27.02.2016	17:00	-1	19	
1
0	12	13	18	27
0	4
0	0	1	2	3	4	5	6	7	8	9	10	11	12	13	14	15	16	17	18	19	20	21	22	23	24	25	27	28
0	0	1	2	3	4	6	7	8	9	10	11	14	15	16	17	19	20	21	22	28
Hochamt	St. Peter	28.02.2016	09:00	18	-1	
1
0	24	23	25	5
0	4
0	0	1	2	3	4	5	6	7	8	9	10	11	12	13	14	15	16	17	18	19	20	21	22	23	24	25	26	27	28
0	0	1	2	3	4	6	7	8	9	10	11	14	15	16	17	19	20	21	22	26	28
Abendmesse	Maria Königin	05.03.2016	17:00	-1	21	
1
0	4	1	11	17
0	4
0	0	1	2	3	4	5	6	7	8	9	10	11	12	13	14	15	16	17	18	19	20	21	22	23	24	25	26	27	28
0	0	2	3	5	6	7	9	10	12	13	14	15	18	19	20	21	22	23	24	25	27
Hochamt	St. Peter	06.03.2016	09:00	20	-1	
1
0	28	16	8	26
0	4
0	0	1	2	3	4	5	6	7	8	9	10	11	12	13	14	15	16	17	18	19	20	21	22	23	24	25	26	27	28
0	0	2	3	5	6	7	9	10	12	13	14	15	18	19	20	21	22	23	24	25	27
Abendmesse	St. Peter	12.03.2016	17:00	-1	23	
1
0	19	3	22	21
0	4
0	0	1	2	3	4	5	6	7	8	9	10	11	12	13	14	15	16	17	18	19	20	21	22	23	24	25	27	28
0	0	1	4	5	6	7	8	9	10	11	14	15	16	17	18	23	24	25	27	28
Hochamt	St. Peter	13.03.2016	09:00	22	-1	
1
0	2	12	13	20
0	4
0	0	1	2	3	4	5	6	7	8	9	10	11	12	13	14	15	16	17	18	19	20	21	22	23	24	25	26	27	28
0	0	1	4	5	6	7	8	9	10	11	14	15	16	17	18	23	24	25	26	27	28
Abendmesse	Maria Königin	19.03.2016	17:00	-1	-1	
1
0	14	10	15	23
0	4
0	0	1	2	3	4	5	6	7	8	9	10	11	12	13	14	15	16	17	18	19	20	21	22	23	24	25	26	27	28
0	0	1	2	3	4	5	6	7	8	9	11	12	13	16	17	18	19	20	21	22	24	25	26	27	28
Palmsonntag	St. Peter	20.03.2016	09:00	-1	-1	
2
0	5	18	11	6	7	4
1	27
0	6
1	1
0	0	1	2	3	4	5	6	7	8	9	10	11	12	13	14	15	16	17	18	19	20	21	22	23	24	25	26	27	28
1	2	12	19	26	27
0	0	1	2	3	8	9	10	12	13	14	15	16	17	19	20	21	22	23	24	25	26	28
1	2	12	19	26
Gründonnerstag	St. Josef	24.03.2016	17:00	-1	-1	
2
0	25	8	24	0	1	17
1	26
0	6
1	1
0	0	1	2	3	4	5	6	7	8	9	10	11	12	13	15	16	17	18	19	20	21	22	23	24	25	26	27	28
1	2	12	19	26	27
0	2	3	4	5	6	7	9	10	11	12	13	15	16	18	19	20	21	22	23	27	28
1	2	12	19	27
Karfreitag	Maria Königin	25.03.2016	16:00	-1	-1	
1
0	5	3	16	9
0	4
0	0	1	2	3	4	5	6	7	8	9	10	11	12	13	15	16	17	18	19	20	21	22	23	24	25	26	27	28
0	0	1	2	4	6	7	8	10	11	12	13	15	17	18	19	20	21	22	23	24	25	26	27	28
Ostersonntag	St. Josef	27.03.2016	06:00	-1	-1	Probe: Samstag 13:00 in der Kirche
2
0	1	4	2	22	20	13	28	12	9	8	21	16
1	26
0	12
1	1
0	0	1	2	3	4	5	6	7	8	9	10	11	12	13	15	16	17	18	19	20	21	22	23	24	25	26	27	28
1	2	12	19	26	27
0	0	3	5	6	7	10	11	15	17	18	19	23	24	25	27
1	19	27
Ostermontag	Maria Königin	28.03.2016	09:00	-1	-1	
2
0	0	17	10	15	27	23
1	19
0	6
1	1
0	0	1	2	3	4	5	6	7	8	9	10	11	12	13	15	16	17	18	19	20	21	22	23	24	25	26	27	28
1	2	12	19	26	27
0	1	2	3	4	5	6	7	8	9	11	12	13	16	18	20	21	22	24	25	26	28
1	2	12	26
