	St. Josef	01.11.2015	09:00	-1	-1	
1
0	25	24	1	18
0	4
0	0	1	2	3	4	5	6	7	8	9	10	11	12	13	14	15	16	17	18	19	20	21	22	23	24	25	26	27	28
0	0	2	3	4	5	6	7	8	9	10	11	12	13	14	15	16	17	19	20	23	26	27	28
	St. Josef	08.11.2015	09:00	-1	-1	
1
0	16	8	13	12
0	4
0	0	1	2	3	4	5	6	7	8	9	10	11	12	13	14	15	16	17	18	19	20	21	22	23	24	25	26	27	28
0	0	1	2	3	4	5	6	7	9	10	11	14	15	17	18	19	20	23	24	25	26	27	28
	St. Josef	14.11.2015	17:00	-1	3	
1
0	2	6	7	5
0	4
0	0	1	2	3	4	5	6	7	8	9	10	12	13	14	15	16	17	18	19	20	21	22	23	24	25	27	28
0	0	1	3	8	9	12	13	14	15	16	17	18	19	20	24	25	27
	St. Josef	15.11.2015	09:00	2	-1	
1
0	4	10	23	28
0	4
0	0	1	2	3	4	5	6	7	8	9	10	12	13	14	15	16	17	18	19	20	21	22	23	24	25	26	27	28
0	0	1	3	8	9	12	13	14	15	16	17	18	19	20	24	25	26	27
	St. Josef	22.11.2015	09:00	-1	-1	
1
0	14	17	0	26
0	4
0	0	1	2	3	4	5	6	7	8	9	10	12	13	14	15	16	17	18	19	20	21	22	23	24	25	26	27	28
0	1	2	3	4	5	6	7	8	9	10	12	13	15	16	18	19	20	23	24	25	27	28
	St. Josef	28.11.2015	17:00	-1	6	
1
0	27	3	22	21
0	4
0	0	1	2	3	4	5	6	7	8	9	10	12	13	14	15	16	17	18	19	20	21	22	23	24	25	27	28
0	0	1	2	4	5	6	7	8	10	12	13	14	16	17	18	23	24	25	28
	St. Josef	29.11.2015	09:00	5	-1	
1
0	19	15	9	20
0	4
0	0	1	2	3	4	5	6	7	8	9	10	12	13	14	15	16	17	18	19	20	21	22	23	24	25	26	27	28
0	0	1	2	4	5	6	7	8	10	12	13	14	16	17	18	23	24	25	26	28
	St. Josef	06.12.2015	09:00	-1	-1	
1
0	12	1	13	11
0	4
0	0	1	2	3	4	5	6	7	8	9	10	11	12	13	14	15	16	17	18	19	20	21	22	23	24	25	26	27	28
0	0	2	3	4	5	6	7	8	9	10	14	15	16	17	18	19	20	23	24	25	26	27	28
	St. Josef	12.12.2015	17:00	-1	9	
1
0	6	7	18	28
0	4
0	0	1	2	3	4	5	6	7	8	9	10	11	12	13	14	15	16	17	18	19	20	21	22	23	24	25	27	28
0	0	1	3	4	5	8	9	10	11	12	13	14	15	16	19	20	23	24	27
	St. Josef	13.12.2015	09:00	8	-1	
1
0	2	26	25	17
0	4
0	0	1	2	3	4	5	6	7	8	9	10	11	12	13	14	15	16	17	18	19	20	21	22	23	24	25	26	27	28
0	0	1	3	4	5	8	9	10	11	12	13	14	15	16	19	20	23	24	27
	St. Josef	20.12.2015	09:00	-1	-1	
1
0	4	27	24	8
0	4
0	0	1	2	3	4	5	6	7	8	9	10	11	12	13	14	15	16	17	18	19	20	21	22	23	24	25	26	27	28
0	0	1	2	3	5	6	7	9	10	11	12	13	14	15	16	17	18	19	20	23	25	26	28
Heiligabend	St. Josef	24.12.2015	18:30	-1	12	Probe: Mittwoch 15:00 in der Kirche
2
0	15	9	20	22	19	23	10	16	3	14	21	0
1	12
0	12
1	1
0	0	1	2	3	4	5	6	7	8	9	10	11	12	13	14	15	16	17	18	19	20	21	22	23	24	25	26	27	28
1	2	12	19	26	27
0	2	4	6	7	8	17	24	25	26
1	2	26
1. Weihnachtsfeiertag	St. Josef	25.12.2015	09:00	11	-1	
2
0	28	1	13	18	5	11
1	27
0	6
1	1
0	0	1	2	3	4	5	6	7	8	9	10	11	12	13	14	15	16	17	18	19	20	21	22	23	24	25	26	27	28
1	2	12	19	26	27
0	2	4	6	7	8	17	24	25	26
1	2	26
2. Weihnachtsfeiertag	St. Josef	26.12.2015	09:00	-1	-1	
2
0	22	19	6	7	21	26
1	2
0	6
1	1
0	0	1	2	3	4	5	6	7	8	9	10	11	12	13	14	15	16	17	18	19	20	21	22	23	24	25	26	27	28
1	2	12	19	26	27
0	0	1	3	4	5	8	9	10	11	12	13	14	15	16	17	18	20	23	24	25	27	28
1	12	27
	St. Josef	27.12.2015	09:00	-1	-1	
1
0	15	23	25	17
0	4
0	0	1	2	3	4	5	6	7	8	9	10	11	12	13	14	15	16	17	18	19	20	21	22	23	24	25	26	27	28
0	0	1	2	3	4	5	6	7	8	9	10	11	12	13	14	16	18	19	20	24	26	27	28
Silvester	St. Josef	31.12.2015	19:00	-1	-1	
2
0	10	0	5	3	9	24	4	8
1	27
0	8
1	1
0	0	1	2	3	4	5	6	7	8	9	10	11	12	13	14	15	16	17	18	19	20	21	22	23	24	25	26	27	28
1	2	12	19	26	27
0	1	2	6	7	11	12	13	14	15	16	17	18	19	20	23	25	26	28
1	2	12	19	26
Neujahr	Maria Königin	01.01.2016	17:00	-1	-1	
1
0	20	14	16	11
0	4
0	0	1	2	3	4	5	6	7	8	9	10	11	12	13	14	15	16	17	18	19	20	21	22	23	24	25	26	27	28
0	0	1	2	3	4	5	6	7	8	9	10	12	13	15	17	18	19	23	24	25	26	27	28
